8861
47244
80190
26319
29342
180560
549719
1004756
1281259
2528788
2306318
17411927
